2 2900 200 1001
4 2550 0 700
14 4120 100 0
4 3800 0 0
2 1950 100 1400
0 3100 0 150
3 4042 0 0
13 1700 0 100
11 1791 0 100
7 1000 200 482
3 1600 100 0
1 0 100 0
12 2300 100 800
4 2200 100 100
0 4200 0 200
2 4021 0 0
13 3500 0 0
7 1942 0 400
14 750 0 2000
7 1750 100 500
11 1840 0 900
0 1000 0 650
8 3700 200 350
11 3200 300 0
0 1100 200 200
6 1925 0 400
10 2051 0 2950
2 2231 0 2600
6 6150 813 1018
4 250 418 900
10 1368 200 1300
4 1700 500 3718
1 218 1100 5700
4 218 7300 0
5 1150 15000 2218
2 550 400 436
1 550 0 1000
6 1450 0 2100
4 1750 583 4200
7 850 195 2186
12 750 0 100
4 1400 0 700
8 2504 0 200
1 2700 0 320
3 100 0 648
6 1865 0 300
0 500 0 2421
9 2774 113 300
1 6448 200 1600
11 2700 0 787
6 1387 300 5400
11 1984 900 300
9 668 400 987
8 1000 443 500
12 5100 800 100
2 1350 100 1700
8 2100 400 600
10 1300 100 1580
7 313 100 1200
2 4200 100 1100
14 400 200 500
4 200 100 500
3 3590 100 1700
1 500 300 1200
2 3500 700 500
2 0 100 600
14 3800 100 100
1 300 0 0
0 600 916 800
6 800 100 1500
0 3922 0 100
4 200 716 200
5 500 584 8288
3 4800 0 400
5 6800 1100 1000
12 2500 300 5500
2 332 0 2610
4 4035 600 500
2 200 510 3420
2 225 600 200
13 925 200 0
2 1076 0 0
5 300 300 400
13 800 0 100
14 800 300 5020
6 1000 300 100
8 700 0 0
12 1550 0 0
6 700 337 1300
1 0 300 2900
13 2955 300 100
14 3860 400 0
5 597 400 2177
1 1342 1154 1400
13 2860 700 1300
8 2900 400 100
6 3800 300 400
14 0 300 2200
5 200 600 2800
1 2100 1000 1800
14 2300 900 0
10 10550 1150 100
12 3900 1089 2500
1 5900 700 500
12 1000 1100 5300
8 200 100 100
3 200 100 1100
11 2900 722 100
14 4000 200 2700
11 1048 200 850
10 2622 200 424
1 1025 322 350
6 3700 0 4150
13 1100 0 1550
0 2900 400 6050
4 7500 200 1700
8 1700 1019 500
12 900 300 2200
6 1300 400 2800
9 400 200 1400
13 2200 300 1000
6 400 100 600
1 700 300 2000
4 3000 600 1800
12 400 100 5500
13 2600 300 4100
8 3200 0 100
13 1200 0 1600
7 4100 0 1200
2 600 0 500
5 1100 593 2600
12 100 200 2900
7 1700 0 200
13 1719 200 500
9 2700 100 500
4 2100 300 846
3 1100 200 1600
11 750 300 1400
9 2250 300 200
0 2800 300 300
11 3141 300 2100
6 1180 500 4500
10 2600 300 900
0 1572 400 100
0 2300 300 2900
6 2400 0 1500
5 200 593 3800
8 0 300 1600
10 2000 600 700
11 1900 200 1200
12 400 589 1311
5 3515 700 1200
9 2722 1763 4400
11 3400 1000 4000
8 1900 1000 1600
10 3300 780 2115
10 2300 1000 3830
3 1000 1800 4600
10 1700 1100 10100
8 1200 675 3100
12 2100 600 1258
5 700 102 100
9 300 0 1100
6 1900 0 100
14 300 100 3400
0 600 490 4800
1 6400 0 200
13 100 0 13000
13 1400 200 300
14 2200 500 2000
0 3900 200 1300
12 4900 100 2800
7 1300 1106 2100
10 1500 200 2000
6 3800 800 1900
0 1810 300 900
8 6814 500 6900
14 4641 600 2600
3 4300 710 11782
13 3800 500 8909
3 1600 1189 5600
11 1600 1400 3601
8 1400 500 2900
10 7256 500 2200
13 900 600 1836
8 2200 800 2572
11 3300 700 2400
5 700 1100 1200
10 1200 1500 4100
0 3500 1445 700
13 5800 1300 1500
11 4000 0 2200
4 5200 0 1000
12 0 2000 15200
13 5200 1000 900
7 500 600 3200
11 0 200 3300
8 2400 723 1056
0 5000 710 1300
9 4300 1122 1000
6 3400 500 3800
0 200 0 2100
10 359 0 2426
4 4200 518 1300
5 1000 0 7600
0 1800 300 11200
0 5400 300 20294
2 2500 1547 44975
4 600 200 1400
3 100 1100 3200
1 2500 300 0
3 3772 1300 500
9 2200 300 4200
2 400 3200 1200
11 1400 2200 2000
14 10178 0 200
5 556 1100 0
14 312 1100 900
14 1388 1100 1000
13 1000 2000 300
6 15600 100 100
12 2600 500 1800
5 1900 701 3600
1 1900 800 1045
3 1300 443 5200
12 200 200 2000
13 5100 1300 100
6 1700 300 200
12 5100 1700 2100
10 1379 200 1000
7 0 200 2000
5 100 700 2500
3 100 200 2100
0 2600 1158 1200
10 5300 1000 1300
10 600 0 4600
3 12227 2100 100
2 300 500 3000
2 4300 1000 1800
1 1641 500 3625
11 200 0 4850
2 1200 500 3700
6 5400 1000 500
2 2900 500 600
9 5100 1000 100
11 1700 2000 8400
1 28500 4000 500
10 1200 300 2900
13 1800 0 900
6 4200 1000 14086
11 1200 0 2446
10 5533 700 492
6 2700 200 1200
6 400 300 466
2 3164 200 2200
9 2100 200 1244
4 2200 315 1600
13 4700 200 700
9 35432 200 1900
4 8601 1200 2200
0 299 0 1600
5 1600 796 1098
1 11400 100 26800
4 3668 0 31714
12 1050 300 2350
6 3575 0 2117
11 3106 0 3250
6 5700 100 1543
2 4377 500 20569
5 2550 694 40022
0 2925 760 1000
12 2100 800 3793
14 4100 500 1200
9 6100 500 600
11 600 200 1000
12 1000 911 1500
3 1300 900 100
11 1100 0 600
2 1200 500 2142
9 1584 100 2400
8 1300 600 400
13 1400 700 300
13 600 500 500
1 600 500 1300
5 2376 0 0
13 1500 500 600
1 1200 500 3200
2 300 680 500
3 1300 100 400
10 300 500 1600
5 1200 1500 1500
9 3100 500 16400
5 4900 4200 2750
13 500 861 10300
10 400 1080 0
2 2300 575 38100
4 1600 975 1200
8 2110 1175 300
5 0 1075 618
7 4000 525 1000
13 1400 775 1510
8 1510 525 800
13 1310 425 1300
12 1710 550 300
12 2710 425 2500
12 2210 400 300
4 2710 350 600
7 0 850 7430
11 3014 496 4000
9 4214 1000 1400
14 7982 1494 200
8 1500 975 600
1 1000 1350 4490
13 4300 2475 880
2 4700 2225 1800
8 600 1675 1400
2 2500 1675 800
8 1400 2550 200
4 770 750 1300
5 870 950 1300
13 3700 1300 500
2 600 2370 1000
2 100 1950 1800
7 4300 700 1800
14 2100 574 4900
4 9100 200 400
1 400 600 800
2 400 500 3657
13 1176 706 300
11 900 942 5464
0 200 550 800
2 2159 550 2059
7 0 0 5000
1 0 334 6628
0 800 657 1648
9 1400 325 1596
8 500 425 400
1 1700 475 1300
14 0 375 1200
4 0 575 2200
9 900 275 100
6 0 375 800
2 512 976 2600
5 701 725 2500
3 924 1475 2492
12 200 925 600
10 600 925 1000
3 1400 723 1800
8 1800 698 1200
3 1600 699 1400
12 4100 699 1900
3 100 0 3900
0 500 0 1100
3 400 0 600
12 500 0 1000
9 600 0 500
3 800 0 1000
4 800 0 1200
14 400 0 1200
0 800 300 600
9 300 350 750
3 1600 300 500
10 2450 950 200
1 100 0 2100
11 200 0 100
9 100 0 200
10 210 1106 200
2 310 210 410
3 100 110 600
2 300 110 1100
6 100 150 2500
9 0 150 2600
9 500 175 100
11 1200 175 300
7 100 100 500
13 550 0 2401
8 1178 201 300
13 977 200 1100
5 100 100 200
6 100 241 621
13 0 250 2550
0 1750 100 200
10 0 0 1400
9 200 300 300
12 900 250 100
2 200 250 4850
2 1900 703 800
12 1300 250 542
6 400 686 2500
2 300 550 400
3 200 350 800
12 200 250 400
2 400 250 200
7 100 250 900
6 500 500 2100
2 200 600 4950
1 130 400 3150
4 710 600 1400
2 200 600 2370
0 300 0 1300
11 750 200 4000
1 8300 300 1262
3 1300 250 400
2 900 300 750
12 900 200 1478
1 1900 0 1498
10 900 100 3200
5 6600 379 1302
9 2692 100 12960
5 20300 100 300
10 1500 100 0
6 0 300 200
3 200 200 200
5 0 400 200
2 300 200 100
3 200 300 1200
8 450 200 2000
14 3100 1327 1000
7 1200 611 600
4 600 2106 3050
5 400 400 2800
14 1100 400 600
6 1900 400 1905
7 800 1200 3000
10 3750 1150 2500
6 0 100 250
6 199 100 300
13 3950 201 0
7 101 100 0
9 3250 100 0
1 0 200 1258
10 3441 179 720
11 2640 380 0
14 1476 100 300
8 1377 300 200
8 3100 300 500
7 4146 530 870
10 7960 892 200
11 3132 1350 100
9 0 400 600
10 200 100 100
2 1250 0 2000
10 1200 0 1500
10 2000 350 600
8 2000 0 2500
3 1900 225 19469
2 954 100 0
4 3295 0 900
1 316 100 200
13 300 200 600
1 1200 200 300
4 800 100 500
13 200 100 900
2 1600 0 1400
5 800 0 1015
8 400 559 1899
0 1900 126 0
8 2150 0 400
10 941 0 1450
6 950 0 300
4 600 193 400
6 1100 200 200
12 1200 0 600
3 1100 0 0
7 300 459 100
1 300 600 403
10 300 600 906
7 1437 500 100
9 2100 600 2000
2 2200 870 200
1 500 500 582
10 600 500 800
5 1800 500 1000
7 300 500 0
11 200 689 500
2 1600 1100 215
0 400 250 0
0 700 0 200
6 1900 378 1100
11 200 0 1700
8 964 0 700
11 300 0 700
14 600 100 3200
14 1200 0 1600
1 300 100 200
2 300 100 300
3 1372 100 600
11 100 300 800
12 700 0 4100
12 400 0 700
8 100 0 257
4 600 450 1200
14 2219 621 1000
7 2484 550 616
12 800 1050 3000
1 3870 200 5516
11 700 588 1900
11 400 699 800
6 5400 500 9933
1 1800 2500 5500
9 5600 2459 4600
6 6850 3100 900
11 5401 2500 400
9 400 4200 10200
2 7500 3700 300
5 12200 3460 400
7 5400 3478 900
2 11700 2900 200
7 5900 2400 600
5 6991 4400 400
11 2260 5490 10200
0 4500 1500 338
0 4562 2285 4369
7 3700 1325 3136
5 1450 2150 5088
6 1000 2992 7900
3 3550 3650 13800
14 4200 2000 5300
0 3100 3454 2700
11 5300 1900 3000
11 4400 3100 13600
5 4546 4571 10920
10 7900 2961 6724
10 6962 3481 5200
12 15476 4551 3306
